v 0.06671695466781458 0.937719212322736 -0.18247921235472286
v 0.06671695466781458 0.937719212322736 -0.18247921235472286
v 0.13115202095635303 -0.5589312234396923 -0.10576157836797528
v 0.13115202095635303 -0.5589312234396923 -0.10576157836797528
v -0.11775875175347394 0.9281295080743925 -0.21461955013757594
v -0.11775875175347394 0.9281295080743925 -0.21461955013757594
v -0.05332368546493543 -0.5685209276880357 -0.1379019161508283
v -0.05332368546493543 -0.5685209276880357 -0.1379019161508283
vt 0.125 1
vt 0 1
vt 0 0
vt 0.125 0
vt 0 1
vt 0 1
vt 0 0
vt 0 0
vt 0 1
vt 0.125 1
vt 0.125 0
vt 0 0
vt 0 1
vt 0 1
vt 0 0
vt 0 0
vt 0 1
vt 0.1875 1
vt 0.1875 1
vt 0 1
vt 0 1
vt 0.1875 1
vt 0.1875 1
vt 0 1
vn 0.1736481776669306 -0.04295671085902563 -0.9838704342468718
vn 0.9838704342468718 0.05114508932449841 0.1714151348418829
vn -0.1736481776669306 0.04295671085902563 0.9838704342468718
vn -0.9838704342468718 -0.05114508932449841 -0.1714151348418829
vn -0.04295671085902565 0.9977669571749523 -0.051145089324498405
vn 0.04295671085902565 -0.9977669571749523 0.051145089324498405
f 4/4/1 7/3/1 5/2/1 2/1/1
f 3/8/2 4/7/2 2/6/2 1/5/2
f 8/12/3 3/11/3 1/10/3 6/9/3
f 7/16/4 8/15/4 6/14/4 5/13/4
f 6/20/5 1/19/5 2/18/5 5/17/5
f 7/24/6 4/23/6 3/22/6 8/21/6
v 0.1622990169734897 0.9379355135851757 0.25453325328676946
v 0.1622990169734897 0.9379355135851757 0.25453325328676946
v 0.26018128546276476 -0.554321334072448 0.1379632651494913
v 0.26018128546276476 -0.554321334072448 0.1379632651494913
v -0.00037043503085310014 0.9345447387120491 0.1613484796895418
v -0.00037043503085310014 0.9345447387120491 0.1613484796895418
v 0.09751183345842185 -0.5577121089455745 0.044778491552263655
v 0.09751183345842185 -0.5577121089455745 0.044778491552263655
vt 0.5 1
vt 0.375 1
vt 0.375 0
vt 0.5 0
vt 0 1
vt 0 1
vt 0 0
vt 0 0
vt 0.375 1
vt 0.5 1
vt 0.5 0
vt 0.375 0
vt 0 1
vt 0 1
vt 0 0
vt 0 0
vt 0 1
vt 0.1875 1
vt 0.1875 1
vt 0 1
vt 0 1
vt 0.1875 1
vt 0.1875 1
vt 0 1
vn 0.493014591684095 0.09985249108906638 -0.8642720014034199
vn 0.8675704106898285 0.018084132656675043 0.49698545918521403
vn -0.493014591684095 -0.09985249108906638 0.8642720014034199
vn -0.8675704106898285 -0.018084132656675043 -0.49698545918521403
vn -0.06525484565951664 0.9948378984384159 0.07771332542485213
vn 0.06525484565951664 -0.9948378984384159 -0.07771332542485213
f 12/28/7 15/27/7 13/26/7 10/25/7
f 11/32/8 12/31/8 10/30/8 9/29/8
f 16/36/9 11/35/9 9/34/9 14/33/9
f 15/40/10 16/39/10 14/38/10 13/37/10
f 14/44/11 9/43/11 10/42/11 13/41/11
f 15/48/12 12/47/12 11/46/12 16/45/12
v -0.4546358886387889 0.8496180544105751 0.1638413983284216
v -0.4546358886387889 0.8496180544105751 0.1638413983284216
v -0.0832779487917853 -0.6007191969619305 0.07102363174338566
v -0.0832779487917853 -0.6007191969619305 0.07102363174338566
v -0.5602888796710985 0.8324174923682106 0.009900383159125448
v -0.5602888796710985 0.8324174923682106 0.009900383159125448
v -0.18893093982409492 -0.6179197590042951 -0.08291738342591048
v -0.18893093982409492 -0.6179197590042951 -0.08291738342591048
vt 0.75 1
vt 0.625 1
vt 0.625 0
vt 0.75 0
vt 0 1
vt 0 1
vt 0 0
vt 0 0
vt 0.625 1
vt 0.75 1
vt 0.75 0
vt 0.625 0
vt 0 1
vt 0 1
vt 0 0
vt 0 0
vt 0 1
vt 0.1875 1
vt 0.1875 1
vt 0 1
vt 0 1
vt 0.1875 1
vt 0.1875 1
vt 0 1
vn 0.7881595415514687 0.2381286859088852 -0.5675378983016783
vn 0.5634826188389848 0.09173633089261093 0.8210187475695794
vn -0.7881595415514687 -0.2381286859088852 0.5675378983016783
vn -0.5634826188389848 -0.09173633089261093 -0.8210187475695794
vn -0.24757195989800243 0.9668915009150039 0.061878511056690566
vn 0.24757195989800243 -0.9668915009150039 -0.061878511056690566
f 20/52/13 23/51/13 21/50/13 18/49/13
f 19/56/14 20/55/14 18/54/14 17/53/14
f 24/60/15 19/59/15 17/58/15 22/57/15
f 23/64/16 24/63/16 22/62/16 21/61/16
f 22/68/17 17/67/17 18/66/17 21/65/17
f 23/72/18 20/71/18 19/70/18 24/69/18
v 0.5024232157355462 0.8426146785841204 -0.33071291342681525
v 0.5024232157355462 0.8426146785841204 -0.33071291342681525
v 0.25398644425599926 -0.6136937008683176 -0.07101101795157394
v 0.25398644425599926 -0.6136937008683176 -0.07101101795157394
v 0.5105859277837315 0.8083798177148267 -0.5148802135462407
v 0.5105859277837315 0.8083798177148267 -0.5148802135462407
v 0.26214915630418467 -0.6479285617376113 -0.2551783180709994
v 0.26214915630418467 -0.6479285617376113 -0.2551783180709994
vt 0.20833333333333334 1
vt 0.08333333333333333 1
vt 0.08333333333333333 0
vt 0.20833333333333334 0
vt 0 1
vt 0 1
vt 0 0
vt 0 0
vt 0.08333333333333333 1
vt 0.20833333333333334 1
vt 0.20833333333333334 0
vt 0.08333333333333333 0
vt 0 1
vt 0 1
vt 0 0
vt 0 0
vt 0 1
vt 0.1875 1
vt 0.1875 1
vt 0 1
vt 0 1
vt 0.1875 1
vt 0.1875 1
vt 0 1
vn 0.9852275222902683 -0.15514331613383983 0.07250710848443982
vn -0.0435344642569892 0.18258592463623313 0.9822256006369355
vn -0.9852275222902683 0.15514331613383983 -0.07250710848443982
vn 0.0435344642569892 -0.18258592463623313 -0.9822256006369355
vn 0.16562451431969788 0.970872252968292 -0.17313459698349418
vn -0.16562451431969788 -0.970872252968292 0.17313459698349418
f 28/76/19 31/75/19 29/74/19 26/73/19
f 27/80/20 28/79/20 26/78/20 25/77/20
f 32/84/21 27/83/21 25/82/21 30/81/21
f 31/88/22 32/87/22 30/86/22 29/85/22
f 30/92/23 25/91/23 26/90/23 29/89/23
f 31/96/24 28/95/24 27/94/24 32/93/24
v -0.6508292048387795 0.6706193044966342 0.4358810679749878
v -0.6508292048387795 0.6706193044966342 0.4358810679749878
v -0.20478813231182802 -0.7385421167019612 0.18032001729519131
v -0.20478813231182802 -0.7385421167019612 0.18032001729519131
v -0.47237484149164966 0.7226525937003894 0.4604336038319814
v -0.47237484149164966 0.7226525937003894 0.4604336038319814
v -0.026333768964698245 -0.686508827498206 0.204872553152185
v -0.026333768964698245 -0.686508827498206 0.204872553152185
vt 0.4166666666666667 1
vt 0.2916666666666667 1
vt 0.2916666666666667 0
vt 0.4166666666666667 0
vt 0 1
vt 0 1
vt 0 0
vt 0 0
vt 0.2916666666666667 1
vt 0.4166666666666667 1
vt 0.4166666666666667 0
vt 0.2916666666666667 0
vt 0 1
vt 0 1
vt 0 0
vt 0 0
vt 0 1
vt 0.1875 1
vt 0.1875 1
vt 0 1
vt 0 1
vt 0.1875 1
vt 0.1875 1
vt 0 1
vn -0.0757361929352296 -0.20109306319038778 0.9766399587444622
vn -0.9517566045180252 -0.27751087575336164 -0.13094685790396646
vn 0.0757361929352296 0.20109306319038778 -0.9766399587444622
vn 0.9517566045180252 0.27751087575336164 0.13094685790396646
vn -0.2973607150179676 0.9394409474657304 0.17037403378653096
vn 0.2973607150179676 -0.9394409474657304 -0.17037403378653096
f 36/100/25 39/99/25 37/98/25 34/97/25
f 35/104/26 36/103/26 34/102/26 33/101/26
f 40/108/27 35/107/27 33/106/27 38/105/27
f 39/112/28 40/111/28 38/110/28 37/109/28
f 38/116/29 33/115/29 34/114/29 37/113/29
f 39/120/30 36/119/30 35/118/30 40/117/30
v 0.17312705288924368 0.8225037710075631 0.6100043175201117
v 0.17312705288924368 0.8225037710075631 0.6100043175201117
v 0.09950231935119402 -0.6499930748620728 0.3337210615753745
v 0.09950231935119402 -0.6499930748620728 0.3337210615753745
v 0.28938451297346 0.8439962755656008 0.4644758831074871
v 0.28938451297346 0.8439962755656008 0.4644758831074871
v 0.21575977943541036 -0.6285005703040352 0.18819262716274976
v 0.21575977943541036 -0.6285005703040352 0.18819262716274976
vt 0.375 1
vt 0.25 1
vt 0.25 0
vt 0.375 0
vt 0 1
vt 0 1
vt 0 0
vt 0 0
vt 0.25 1
vt 0.375 1
vt 0.375 0
vt 0.25 0
vt 0 1
vt 0 1
vt 0 0
vt 0 0
vt 0 1
vt 0.1875 1
vt 0.1875 1
vt 0 1
vt 0 1
vt 0.1875 1
vt 0.1875 1
vt 0 1
vn 0.783033528158712 -0.15230037975385466 0.6030448475081693
vn -0.6200397871158199 -0.1146266909762009 0.7761516502006649
vn -0.783033528158712 0.15230037975385466 -0.6030448475081693
vn 0.6200397871158199 0.1146266909762009 -0.7761516502006649
vn 0.049083155692033066 0.9816645639130905 0.18418883729649146
vn -0.049083155692033066 -0.9816645639130905 -0.18418883729649146
f 44/124/31 47/123/31 45/122/31 42/121/31
f 43/128/32 44/127/32 42/126/32 41/125/32
f 48/132/33 43/131/33 41/130/33 46/129/33
f 47/136/34 48/135/34 46/134/34 45/133/34
f 46/140/35 41/139/35 42/138/35 45/137/35
f 47/144/36 44/143/36 43/142/36 48/141/36
v -0.2863046648333982 0.7749185536435015 -0.6046809030113844
v -0.2863046648333982 0.7749185536435015 -0.6046809030113844
v -0.06404368388121451 -0.67788114684819 -0.304725762036231
v -0.06404368388121451 -0.67788114684819 -0.304725762036231
v -0.46871455319606936 0.7413380115822295 -0.6321623480678036
v -0.46871455319606936 0.7413380115822295 -0.6321623480678036
v -0.24645357224388564 -0.7114616889094622 -0.3322072070926502
v -0.24645357224388564 -0.7114616889094622 -0.3322072070926502
vt 0.25 1
vt 0.125 1
vt 0.125 0
vt 0.25 0
vt 0 1
vt 0 1
vt 0 0
vt 0 0
vt 0.125 1
vt 0.25 1
vt 0.25 0
vt 0.125 0
vt 0 1
vt 0 1
vt 0 0
vt 0 0
vt 0 1
vt 0.1875 1
vt 0.1875 1
vt 0 1
vt 0 1
vt 0.1875 1
vt 0.1875 1
vt 0 1
vn 0.17776956933353147 -0.17282393188573772 -0.968777512531399
vn 0.9728527379342462 0.1790962243267846 0.14656770696756938
vn -0.17776956933353147 0.17282393188573772 0.968777512531399
vn -0.9728527379342462 -0.1790962243267846 -0.14656770696756938
vn -0.1481739873014558 0.9685331336611278 -0.1999700939834356
vn 0.1481739873014558 -0.9685331336611278 0.1999700939834356
f 52/148/37 55/147/37 53/146/37 50/145/37
f 51/152/38 52/151/38 50/150/38 49/149/38
f 56/156/39 51/155/39 49/154/39 54/153/39
f 55/160/40 56/159/40 54/158/40 53/157/40
f 54/164/41 49/163/41 50/162/41 53/161/41
f 55/168/42 52/167/42 51/166/42 56/165/42
v 0.5648243389395731 0.8674985799551718 0.20796768457389225
v 0.5648243389395731 0.8674985799551718 0.20796768457389225
v 0.3713418244737775 -0.6048197228528178 -0.003794757357139744
v 0.3713418244737775 -0.6048197228528178 -0.003794757357139744
v 0.4960340929139888 0.8515561102473632 0.3816627901795344
v 0.4960340929139888 0.8515561102473632 0.3816627901795344
v 0.30255157844819325 -0.6207621925606265 0.16990034824850242
v 0.30255157844819325 -0.6207621925606265 0.16990034824850242
vt 0.625 1
vt 0.5 1
vt 0.5 0
vt 0.625 0
vt 0 1
vt 0 1
vt 0 0
vt 0 0
vt 0.5 1
vt 0.625 1
vt 0.625 0
vt 0.5 0
vt 0 1
vt 0 1
vt 0 0
vt 0 0
vt 0 1
vt 0.1875 1
vt 0.1875 1
vt 0 1
vt 0 1
vt 0.1875 1
vt 0.1875 1
vt 0 1
vn -0.921281775669656 0.17128588893296268 -0.34914328587474036
vn 0.3668813121364494 0.08502650510831249 -0.9263738965634252
vn 0.921281775669656 -0.17128588893296268 0.34914328587474036
vn -0.3668813121364494 -0.08502650510831249 0.9263738965634252
vn 0.12898834297719705 0.9815455352053265 0.14117496128735463
vn -0.12898834297719705 -0.9815455352053265 -0.14117496128735463
f 60/172/43 63/171/43 61/170/43 58/169/43
f 59/176/44 60/175/44 58/174/44 57/173/44
f 64/180/45 59/179/45 57/178/45 62/177/45
f 63/184/46 64/183/46 62/182/46 61/181/46
f 62/188/47 57/187/47 58/186/47 61/185/47
f 63/192/48 60/191/48 59/190/48 64/189/48
v 0 0.375 0.0625
v 0 0.375 0
v 0 -0.5 0.0625
v 0 -0.5 0
v -0.0625 0.375 0
v -0.0625 0.375 0.0625
v -0.0625 -0.5 0
v -0.0625 -0.5 0.0625
vt 0.9583333333333334 0.5833333333333333
vt 1 0.5833333333333333
vt 1 0
vt 0.9583333333333334 0
vt 1 0.5833333333333333
vt 0.9583333333333334 0.5833333333333333
vt 0.9583333333333334 0
vt 1 0
vt 0.9583333333333334 0.5833333333333333
vt 1 0.5833333333333333
vt 1 0
vt 0.9583333333333334 0
vt 0.9583333333333334 0.5833333333333333
vt 1 0.5833333333333333
vt 1 0
vt 0.9583333333333334 0
vt 0.9583333333333334 0.5833333333333333
vt 1 0.5833333333333333
vt 1 0.5416666666666667
vt 0.9583333333333334 0.5416666666666667
vt 0.9583333333333334 0.04166666666666663
vt 1 0.04166666666666663
vt 1 0
vt 0.9583333333333334 0
vn 0 0 -1
vn 1 0 0
vn 0 0 1
vn -1 0 0
vn 0 1 0
vn 0 -1 0
f 68/196/49 71/195/49 69/194/49 66/193/49
f 67/200/50 68/199/50 66/198/50 65/197/50
f 72/204/51 67/203/51 65/202/51 70/201/51
f 71/208/52 72/207/52 70/206/52 69/205/52
f 70/212/53 65/211/53 66/210/53 69/209/53
f 71/216/54 68/215/54 67/214/54 72/213/54
v -0.0625 0.875 0.0625
v -0.0625 0.875 0
v -0.0625 0.375 0.0625
v -0.0625 0.375 0
v -0.125 0.875 0
v -0.125 0.875 0.0625
v -0.125 0.375 0
v -0.125 0.375 0.0625
vt 0.7916666666666666 0.5416666666666667
vt 0.8333333333333334 0.5416666666666667
vt 0.8333333333333334 0.20833333333333337
vt 0.7916666666666666 0.20833333333333337
vt 0.7916666666666666 0.5416666666666667
vt 0.8333333333333334 0.5416666666666667
vt 0.8333333333333334 0.20833333333333337
vt 0.7916666666666666 0.20833333333333337
vt 0.7916666666666666 0.5416666666666667
vt 0.8333333333333334 0.5416666666666667
vt 0.8333333333333334 0.20833333333333337
vt 0.7916666666666666 0.20833333333333337
vt 0.7916666666666666 0.5416666666666667
vt 0.8333333333333334 0.5416666666666667
vt 0.8333333333333334 0.20833333333333337
vt 0.7916666666666666 0.20833333333333337
vt 0.7916666666666666 0.5416666666666667
vt 0.8333333333333334 0.5416666666666667
vt 0.8333333333333334 0.5
vt 0.7916666666666666 0.5
vt 0.7916666666666666 0.25
vt 0.8333333333333334 0.25
vt 0.8333333333333334 0.20833333333333337
vt 0.7916666666666666 0.20833333333333337
vn 0 0 -1
vn 1 0 0
vn 0 0 1
vn -1 0 0
vn 0 1 0
vn 0 -1 0
f 76/220/55 79/219/55 77/218/55 74/217/55
f 75/224/56 76/223/56 74/222/56 73/221/56
f 80/228/57 75/227/57 73/226/57 78/225/57
f 79/232/58 80/231/58 78/230/58 77/229/58
f 78/236/59 73/235/59 74/234/59 77/233/59
f 79/240/60 76/239/60 75/238/60 80/237/60
v -0.125 1.375 0.0625
v -0.125 1.375 0
v -0.125 0.875 0.0625
v -0.125 0.875 0
v -0.1875 1.375 0
v -0.1875 1.375 0.0625
v -0.1875 0.875 0
v -0.1875 0.875 0.0625
vt 0.7916666666666666 0.875
vt 0.8333333333333334 0.875
vt 0.8333333333333334 0.5416666666666667
vt 0.7916666666666666 0.5416666666666667
vt 0.7916666666666666 0.875
vt 0.8333333333333334 0.875
vt 0.8333333333333334 0.5416666666666667
vt 0.7916666666666666 0.5416666666666667
vt 0.7916666666666666 0.875
vt 0.8333333333333334 0.875
vt 0.8333333333333334 0.5416666666666667
vt 0.7916666666666666 0.5416666666666667
vt 0.7916666666666666 0.875
vt 0.8333333333333334 0.875
vt 0.8333333333333334 0.5416666666666667
vt 0.7916666666666666 0.5416666666666667
vt 0.7916666666666666 0.875
vt 0.8333333333333334 0.875
vt 0.8333333333333334 0.8333333333333334
vt 0.7916666666666666 0.8333333333333334
vt 0.7916666666666666 0.5833333333333333
vt 0.8333333333333334 0.5833333333333333
vt 0.8333333333333334 0.5416666666666667
vt 0.7916666666666666 0.5416666666666667
vn 0 0 -1
vn 1 0 0
vn 0 0 1
vn -1 0 0
vn 0 1 0
vn 0 -1 0
f 84/244/61 87/243/61 85/242/61 82/241/61
f 83/248/62 84/247/62 82/246/62 81/245/62
f 88/252/63 83/251/63 81/250/63 86/249/63
f 87/256/64 88/255/64 86/254/64 85/253/64
f 86/260/65 81/259/65 82/258/65 85/257/65
f 87/264/66 84/263/66 83/262/66 88/261/66
v -0.15625 1.625 0.03125
v -0.15625 1.625 0.03125
v -0.15625 1.1875 0.03125
v -0.15625 1.1875 0.03125
v -0.40625 1.625 0.03125
v -0.40625 1.625 0.03125
v -0.40625 1.1875 0.03125
v -0.40625 1.1875 0.03125
vt 0.7916666666666666 1
vt 0.9583333333333334 1
vt 0.9583333333333334 0.7083333333333333
vt 0.7916666666666666 0.7083333333333333
vt 0 1
vt 0 1
vt 0 0.5
vt 0 0.5
vt 0.9583333333333334 1
vt 0.7916666666666666 1
vt 0.7916666666666666 0.7083333333333333
vt 0.9583333333333334 0.7083333333333333
vt 0 1
vt 0 1
vt 0 0.5
vt 0 0.5
vt 0 1
vt 0.1875 1
vt 0.1875 1
vt 0 1
vt 0 1
vt 0.1875 1
vt 0.1875 1
vt 0 1
vn 0 0 -1
vn 1 0 0
vn 0 0 1
vn -1 0 0
vn 0 1 0
vn 0 -1 0
f 92/268/67 95/267/67 93/266/67 90/265/67
f 91/272/68 92/271/68 90/270/68 89/269/68
f 96/276/69 91/275/69 89/274/69 94/273/69
f 95/280/70 96/279/70 94/278/70 93/277/70
f 94/284/71 89/283/71 90/282/71 93/281/71
f 95/288/72 92/287/72 91/286/72 96/285/72
v 0.21690377934510852 1.125 -0.223822449560645
v 0.21690377934510852 1.125 -0.223822449560645
v 0.21690377934510852 0.6875 -0.223822449560645
v 0.21690377934510852 0.6875 -0.223822449560645
v 0.408414890124853 1.125 -0.3845193519822799
v 0.408414890124853 1.125 -0.3845193519822799
v 0.408414890124853 0.6875 -0.3845193519822799
v 0.408414890124853 0.6875 -0.3845193519822799
vt 1 0.7083333333333333
vt 0.8333333333333334 0.7083333333333333
vt 0.8333333333333334 0.41666666666666663
vt 1 0.41666666666666663
vt 0 1
vt 0 1
vt 0 0.5
vt 0 0.5
vt 0.8333333333333334 0.7083333333333333
vt 1 0.7083333333333333
vt 1 0.41666666666666663
vt 0.8333333333333334 0.41666666666666663
vt 0 1
vt 0 1
vt 0 0.5
vt 0 0.5
vt 0 1
vt 0.1875 1
vt 0.1875 1
vt 0 1
vt 0 1
vt 0.1875 1
vt 0.1875 1
vt 0 1
vn 0.6427876096865397 0 0.7660444431189778
vn -0.7660444431189778 0 0.6427876096865397
vn -0.6427876096865397 0 -0.7660444431189778
vn 0.7660444431189778 0 -0.6427876096865397
vn 0 1 0
vn 0 -1 0
f 100/292/73 103/291/73 101/290/73 98/289/73
f 99/296/74 100/295/74 98/294/74 97/293/74
f 104/300/75 99/299/75 97/298/75 102/297/75
f 103/304/76 104/303/76 102/302/76 101/301/76
f 102/308/77 97/307/77 98/306/77 101/305/77
f 103/312/78 100/311/78 99/310/78 104/309/78
v 0.125 0.375 -0.1875
v 0.16517422560540873 0.375 -0.13962222230506388
v 0.125 -0.49999999999999994 -0.1875
v 0.16517422560540873 -0.49999999999999994 -0.13962222230506388
v 0.2130520033003448 0.375 -0.1797964479104726
v 0.17287777769493617 0.375 -0.22767422560540873
v 0.2130520033003448 -0.49999999999999994 -0.1797964479104726
v 0.17287777769493617 -0.49999999999999994 -0.22767422560540873
vt 0.9583333333333334 0.5833333333333333
vt 1 0.5833333333333333
vt 1 0
vt 0.9583333333333334 0
vt 1 0.5833333333333333
vt 0.9583333333333334 0.5833333333333333
vt 0.9583333333333334 0
vt 1 0
vt 0.9583333333333334 0.5833333333333333
vt 1 0.5833333333333333
vt 1 0
vt 0.9583333333333334 0
vt 0.9583333333333334 0.5833333333333333
vt 1 0.5833333333333333
vt 1 0
vt 0.9583333333333334 0
vt 0.9583333333333334 0.5833333333333333
vt 1 0.5833333333333333
vt 1 0.5416666666666667
vt 0.9583333333333334 0.5416666666666667
vt 0.9583333333333334 0.04166666666666663
vt 1 0.04166666666666663
vt 1 0
vt 0.9583333333333334 0
vn 0.6427876096865397 0 0.7660444431189778
vn -0.7660444431189778 0 0.6427876096865397
vn -0.6427876096865397 0 -0.7660444431189778
vn 0.7660444431189778 0 -0.6427876096865397
vn 0 1 0
vn 0 -1 0
f 108/316/79 111/315/79 109/314/79 106/313/79
f 107/320/80 108/319/80 106/318/80 105/317/80
f 112/324/81 107/323/81 105/322/81 110/321/81
f 111/328/82 112/327/82 110/326/82 109/325/82
f 110/332/83 105/331/83 106/330/83 109/329/83
f 111/336/84 108/335/84 107/334/84 112/333/84
v 0.17287777769493617 0.875 -0.22767422560540873
v 0.2130520033003449 0.875 -0.1797964479104726
v 0.17287777769493617 0.375 -0.22767422560540873
v 0.2130520033003449 0.375 -0.1797964479104726
v 0.26092978099528097 0.875 -0.21997067351588134
v 0.22075555538987224 0.875 -0.26784845121081746
v 0.26092978099528097 0.375 -0.21997067351588134
v 0.22075555538987224 0.375 -0.26784845121081746
vt 0.7916666666666666 0.5416666666666667
vt 0.8333333333333334 0.5416666666666667
vt 0.8333333333333334 0.20833333333333337
vt 0.7916666666666666 0.20833333333333337
vt 0.7916666666666666 0.5416666666666667
vt 0.8333333333333334 0.5416666666666667
vt 0.8333333333333334 0.20833333333333337
vt 0.7916666666666666 0.20833333333333337
vt 0.7916666666666666 0.5416666666666667
vt 0.8333333333333334 0.5416666666666667
vt 0.8333333333333334 0.20833333333333337
vt 0.7916666666666666 0.20833333333333337
vt 0.7916666666666666 0.5416666666666667
vt 0.8333333333333334 0.5416666666666667
vt 0.8333333333333334 0.20833333333333337
vt 0.7916666666666666 0.20833333333333337
vt 0.7916666666666666 0.5416666666666667
vt 0.8333333333333334 0.5416666666666667
vt 0.8333333333333334 0.5
vt 0.7916666666666666 0.5
vt 0.7916666666666666 0.25
vt 0.8333333333333334 0.25
vt 0.8333333333333334 0.20833333333333337
vt 0.7916666666666666 0.20833333333333337
vn 0.6427876096865397 0 0.7660444431189778
vn -0.7660444431189778 0 0.6427876096865397
vn -0.6427876096865397 0 -0.7660444431189778
vn 0.7660444431189778 0 -0.6427876096865397
vn 0 1 0
vn 0 -1 0
f 116/340/85 119/339/85 117/338/85 114/337/85
f 115/344/86 116/343/86 114/342/86 113/341/86
f 120/348/87 115/347/87 113/346/87 118/345/87
f 119/352/88 120/351/88 118/350/88 117/349/88
f 118/356/89 113/355/89 114/354/89 117/353/89
f 119/360/90 116/359/90 115/358/90 120/357/90