v 0.39064773857153257 0.9533119411062592 -0.03101681379551552
v 0.39064773857153257 0.9533119411062592 -0.03101681379551552
v 0.19560348759395352 -0.5267089908071465 0.11559758269667564
v 0.19560348759395352 -0.5267089908071465 0.11559758269667564
v 0.15116843426209237 0.9782042234494883 -0.09832236399170297
v 0.15116843426209237 0.9782042234494883 -0.09832236399170297
v -0.04387581671548668 -0.5018167084639173 0.0482920325004883
v -0.04387581671548668 -0.5018167084639173 0.0482920325004883
vt 0.16666666666666666 1
vt 0 1
vt 0 0
vt 0.16666666666666666 0
vt 0 1
vt 0 1
vt 0 0
vt 0 0
vt 0 1
vt 0.16666666666666666 1
vt 0.16666666666666666 0
vt 0 0
vt 0 1
vt 0 1
vt 0 0
vt 0 0
vt 0 1
vt 0.25 1
vt 0.25 1
vt 0 1
vt 0 1
vt 0.25 1
vt 0.25 1
vt 0 1
vn 0.25590414978997345 -0.12863646479559362 -0.9581052792074383
vn 0.9579172172377608 -0.09956912937291652 0.2692222007847496
vn -0.25590414978997345 0.12863646479559362 0.9581052792074383
vn -0.9579172172377608 0.09956912937291652 -0.2692222007847496
vn 0.1300295006517194 0.986680621275604 -0.0977429309947942
vn -0.1300295006517194 -0.986680621275604 0.0977429309947942
f 4/4/1 7/3/1 5/2/1 2/1/1
f 3/8/2 4/7/2 2/6/2 1/5/2
f 8/12/3 3/11/3 1/10/3 6/9/3
f 7/16/4 8/15/4 6/14/4 5/13/4
f 6/20/5 1/19/5 2/18/5 5/17/5
f 7/24/6 4/23/6 3/22/6 8/21/6
v 0.41427586744793454 0.9419736397106051 0.5229286724062319
v 0.41427586744793454 0.9419736397106051 0.5229286724062319
v 0.14306134290030403 -0.5188125097157986 0.3166606251512517
v 0.14306134290030403 -0.5188125097157986 0.3166606251512517
v 0.5432970843020757 0.9482426726102338 0.3088860952679905
v 0.5432970843020757 0.9482426726102338 0.3088860952679905
v 0.2720825597544452 -0.51254347681617 0.10261804801301022
v 0.2720825597544452 -0.51254347681617 0.10261804801301022
vt 0.5 1
vt 0.3333333333333333 1
vt 0.3333333333333333 0
vt 0.5 0
vt 0 1
vt 0 1
vt 0 0
vt 0 0
vt 0.3333333333333333 1
vt 0.5 1
vt 0.5 0
vt 0.3333333333333333 0
vt 0 1
vt 0 1
vt 0 0
vt 0 0
vt 0 1
vt 0.25 1
vt 0.25 1
vt 0 1
vt 0 1
vt 0.25 1
vt 0.25 1
vt 0 1
vn 0.8372360886545585 -0.22577176065723395 0.49805907676112976
vn -0.5160848674165647 -0.02507613159851444 0.856170308552966
vn -0.8372360886545585 0.22577176065723395 -0.49805907676112976
vn 0.5160848674165647 0.02507613159851444 -0.856170308552966
vn 0.1808096830317538 0.973857432950936 0.13751203150332017
vn -0.1808096830317538 -0.973857432950936 -0.13751203150332017
f 12/28/7 15/27/7 13/26/7 10/25/7
f 11/32/8 12/31/8 10/30/8 9/29/8
f 16/36/9 11/35/9 9/34/9 14/33/9
f 15/40/10 16/39/10 14/38/10 13/37/10
f 14/44/11 9/43/11 10/42/11 13/41/11
f 15/48/12 12/47/12 11/46/12 16/45/12
v -0.4208497396229006 0.9692097034779275 0.01699383208288885
v -0.4208497396229006 0.9692097034779275 0.01699383208288885
v -0.21273847630281695 -0.5140104549281033 -0.06515033251392455
v -0.21273847630281695 -0.5140104549281033 -0.06515033251392455
v -0.29074561320517234 0.9756471331012795 0.23037488979168397
v -0.29074561320517234 0.9756471331012795 0.23037488979168397
v -0.08263434988508866 -0.5075730253047512 0.14823072519487068
v -0.08263434988508866 -0.5075730253047512 0.14823072519487068
vt 0.8333333333333334 1
vt 0.6666666666666666 1
vt 0.6666666666666666 0
vt 0.8333333333333334 0
vt 0 1
vt 0 1
vt 0 0
vt 0 0
vt 0.6666666666666666 1
vt 0.8333333333333334 1
vt 0.8333333333333334 0
vt 0.6666666666666666 0
vt 0 1
vt 0 1
vt 0 0
vt 0 0
vt 0 1
vt 0.25 1
vt 0.25 1
vt 0 1
vt 0 1
vt 0.25 1
vt 0.25 1
vt 0 1
vn -0.8425661038323321 -0.14691812336942808 0.5181673722827494
vn -0.5204165056709131 -0.02574971849340822 -0.8535242308351808
vn 0.8425661038323321 0.14691812336942808 -0.5181673722827494
vn 0.5204165056709131 0.02574971849340822 0.8535242308351808
vn -0.1387408422133891 0.9888134389373537 0.054762776397875565
vn 0.1387408422133891 -0.9888134389373537 -0.054762776397875565
f 20/52/13 23/51/13 21/50/13 18/49/13
f 19/56/14 20/55/14 18/54/14 17/53/14
f 24/60/15 19/59/15 17/58/15 22/57/15
f 23/64/16 24/63/16 22/62/16 21/61/16
f 22/68/17 17/67/17 18/66/17 21/65/17
f 23/72/18 20/71/18 19/70/18 24/69/18
v 0.1088281731911972 0.8933678735015598 -0.6502432853402136
v 0.1088281731911972 0.8933678735015598 -0.6502432853402136
v 0.2113348702751171 -0.5302614009673439 -0.1889710599373735
v 0.2113348702751171 -0.5302614009673439 -0.1889710599373735
v -0.12150877702373541 0.9079168820063113 -0.554153661981537
v -0.12150877702373541 0.9079168820063113 -0.554153661981537
v -0.019002079939815564 -0.5157123924625923 -0.09288143657869696
v -0.019002079939815564 -0.5157123924625923 -0.09288143657869696
vt 1 1
vt 0.8333333333333334 1
vt 0.8333333333333334 0
vt 1 0
vt 0 1
vt 0 1
vt 0 0
vt 0 0
vt 0.8333333333333334 1
vt 1 1
vt 1 0
vt 0.8333333333333334 0
vt 0 1
vt 0 1
vt 0 0
vt 0 0
vt 0 1
vt 0.25 1
vt 0.25 1
vt 0 1
vt 0 1
vt 0.25 1
vt 0.25 1
vt 0 1
vn -0.38268547817731857 -0.3095943134204826 -0.8704614786938576
vn 0.9213478008597306 -0.05819603401900634 -0.38435849343470607
vn 0.38268547817731857 0.3095943134204826 0.8704614786938576
vn -0.9213478008597306 0.05819603401900634 0.38435849343470607
vn -0.0683377980559466 0.9490861829792692 -0.30751481693522675
vn 0.0683377980559466 -0.9490861829792692 0.30751481693522675
f 28/76/19 31/75/19 29/74/19 26/73/19
f 27/80/20 28/79/20 26/78/20 25/77/20
f 32/84/21 27/83/21 25/82/21 30/81/21
f 31/88/22 32/87/22 30/86/22 29/85/22
f 30/92/23 25/91/23 26/90/23 29/89/23
f 31/96/24 28/95/24 27/94/24 32/93/24
v -0.1914420740276545 0.7661195589324372 -0.6029800202114219
v -0.1914420740276545 0.7661195589324372 -0.6029800202114219
v -0.1581211063302529 -0.7137773735870245 -0.36050366624841
v -0.1581211063302529 -0.7137773735870245 -0.36050366624841
v -0.3716698762272839 0.7901742449121225 -0.4314011421503098
v -0.3716698762272839 0.7901742449121225 -0.4314011421503098
v -0.3383489085298823 -0.6897226876073393 -0.1889247881872979
v -0.3383489085298823 -0.6897226876073393 -0.1889247881872979
vt 0.6666666666666666 1
vt 0.5 1
vt 0.5 0
vt 0.6666666666666666 0
vt 0 1
vt 0 1
vt 0 0
vt 0 0
vt 0.5 1
vt 0.6666666666666666 1
vt 0.6666666666666666 0
vt 0.5 0
vt 0 1
vt 0 1
vt 0 0
vt 0 0
vt 0 1
vt 0.25 1
vt 0.25 1
vt 0 1
vt 0 1
vt 0.25 1
vt 0.25 1
vt 0 1
vn -0.6926713276795998 -0.13178174563617 -0.7091121232412151
vn 0.7209112087985177 -0.09621874391874109 -0.6863155122444486
vn 0.6926713276795998 0.13178174563617 0.7091121232412151
vn -0.7209112087985177 0.09621874391874109 0.6863155122444486
vn -0.022213978464934378 0.9865979550129746 -0.16165090264200788
vn 0.022213978464934378 -0.9865979550129746 0.16165090264200788
f 36/100/25 39/99/25 37/98/25 34/97/25
f 35/104/26 36/103/26 34/102/26 33/101/26
f 40/108/27 35/107/27 33/106/27 38/105/27
f 39/112/28 40/111/28 38/110/28 37/109/28
f 38/116/29 33/115/29 34/114/29 37/113/29
f 39/120/30 36/119/30 35/118/30 40/117/30
v -0.26085808485158785 0.8706258678091312 0.5438133512469936
v -0.26085808485158785 0.8706258678091312 0.5438133512469936
v -0.06284132624085959 -0.596338133773108 0.30131390512159617
v -0.06284132624085959 -0.596338133773108 0.30131390512159617
v -0.013186791951387333 0.901794187161119 0.5575051934136097
v -0.013186791951387333 0.901794187161119 0.5575051934136097
v 0.18482996665934093 -0.5651698144211201 0.3150057472882123
v 0.18482996665934093 -0.5651698144211201 0.3150057472882123
vt 0.16666666666666666 1
vt 0 1
vt 0 0
vt 0.16666666666666666 0
vt 0 1
vt 0 1
vt 0 0
vt 0 0
vt 0 1
vt 0.16666666666666666 1
vt 0.16666666666666666 0
vt 0 0
vt 0 1
vt 0 1
vt 0 0
vt 0 0
vt 0 1
vt 0.25 1
vt 0.25 1
vt 0 1
vt 0 1
vt 0.25 1
vt 0.25 1
vt 0 1
vn -0.03340570505134703 -0.16739030814587402 0.9853245879449328
vn -0.9906851716008025 -0.12467327740795134 -0.054767368666464686
vn 0.03340570505134703 0.16739030814587402 -0.9853245879449328
vn 0.9906851716008025 0.12467327740795134 0.054767368666464686
vn -0.13201117240715224 0.9779760010548263 0.16166629741693175
vn 0.13201117240715224 -0.9779760010548263 -0.16166629741693175
f 44/124/31 47/123/31 45/122/31 42/121/31
f 43/128/32 44/127/32 42/126/32 41/125/32
f 48/132/33 43/131/33 41/130/33 46/129/33
f 47/136/34 48/135/34 46/134/34 45/133/34
f 46/140/35 41/139/35 42/138/35 45/137/35
f 47/144/36 44/143/36 43/142/36 48/141/36
v -0.42328994683382415 0.6765184648493285 0.43165589081221967
v -0.42328994683382415 0.6765184648493285 0.43165589081221967
v -0.16623707959537493 -0.7970317751133178 0.3195242104068998
v -0.16623707959537493 -0.7970317751133178 0.3195242104068998
v -0.5473894969522982 0.6713800373522287 0.21469299485245097
v -0.5473894969522982 0.6713800373522287 0.21469299485245097
v -0.290336629713849 -0.8021702026104175 0.10256131444713112
v -0.290336629713849 -0.8021702026104175 0.10256131444713112
vt 0.3333333333333333 1
vt 0.16666666666666666 1
vt 0.16666666666666666 0
vt 0.3333333333333333 0
vt 0 1
vt 0 1
vt 0 0
vt 0 0
vt 0.16666666666666666 1
vt 0.3333333333333333 1
vt 0.3333333333333333 0
vt 0.16666666666666666 0
vt 0 1
vt 0 1
vt 0 0
vt 0 0
vt 0 1
vt 0.25 1
vt 0.25 1
vt 0 1
vt 0 1
vt 0.25 1
vt 0.25 1
vt 0 1
vn 0.851012125052312 0.18583046822171892 -0.49116738500682733
vn 0.4963982004738963 0.020553709988398894 0.8678515838390747
vn -0.851012125052312 -0.18583046822171892 0.49116738500682733
vn -0.4963982004738963 -0.020553709988398894 -0.8678515838390747
vn -0.1713685781589662 0.982366826641764 0.07475445360354653
vn 0.1713685781589662 -0.982366826641764 -0.07475445360354653
f 52/148/37 55/147/37 53/146/37 50/145/37
f 51/152/38 52/151/38 50/150/38 49/149/38
f 56/156/39 51/155/39 49/154/39 54/153/39
f 55/160/40 56/159/40 54/158/40 53/157/40
f 54/164/41 49/163/41 50/162/41 53/161/41
f 55/168/42 52/167/42 51/166/42 56/165/42
v 0.5027083037848619 0.8644048333840315 -0.20791113007590317
v 0.5027083037848619 0.8644048333840315 -0.20791113007590317
v 0.3062958583581763 -0.5978869364592565 0.0625050882433641
v 0.3062958583581763 -0.5978869364592565 0.0625050882433641
v 0.5102249962755165 0.8179887181921845 -0.45344940323204097
v 0.5102249962755165 0.8179887181921845 -0.45344940323204097
v 0.313812550848831 -0.6443030516511036 -0.18303318491277365
v 0.313812550848831 -0.6443030516511036 -0.18303318491277365
vt 0.6666666666666666 1
vt 0.5 1
vt 0.5 0
vt 0.6666666666666666 0
vt 0 1
vt 0 1
vt 0 0
vt 0 0
vt 0.5 1
vt 0.6666666666666666 1
vt 0.6666666666666666 0
vt 0.5 0
vt 0 1
vt 0 1
vt 0 0
vt 0 0
vt 0 1
vt 0.25 1
vt 0.25 1
vt 0 1
vt 0 1
vt 0.25 1
vt 0.25 1
vt 0 1
vn 0.9909340436186778 -0.12318436565026895 0.05362213402017223
vn -0.030066769962618606 0.18566446076738813 0.9821530926245512
vn -0.9909340436186778 0.12318436565026895 -0.05362213402017223
vn 0.030066769962618606 -0.18566446076738813 -0.9821530926245512
vn 0.13094163028445702 0.9748611798955253 -0.1802774788795115
vn -0.13094163028445702 -0.9748611798955253 0.1802774788795115
f 60/172/43 63/171/43 61/170/43 58/169/43
f 59/176/44 60/175/44 58/174/44 57/173/44
f 64/180/45 59/179/45 57/178/45 62/177/45
f 63/184/46 64/183/46 62/182/46 61/181/46
f 62/188/47 57/187/47 58/186/47 61/185/47
f 63/192/48 60/191/48 59/190/48 64/189/48