v 0.3973173766101822 0.21238410139037034 0.3793839633903424
v 0.3973173766101822 0.21238410139037034 0.3793839633903424
v 0.2852768748930836 -0.7560996072870917 0.156928952205317
v 0.2852768748930836 -0.7560996072870917 0.156928952205317
v 0.4785869360628874 0.24122464321208625 0.21289152556269486
v 0.4785869360628874 0.24122464321208625 0.21289152556269486
v 0.3665464343457887 -0.7272590654653758 -0.009563485622330614
v 0.3665464343457887 -0.7272590654653758 -0.009563485622330614
vt 0.5625 1
vt 0.375 1
vt 0.375 0
vt 0.5625 0
vt 1 0
vt 1 0
vt 1 -1
vt 1 -1
vt 0.375 1
vt 0.5625 1
vt 0.5625 0
vt 0.375 0
vt 1.1875 0
vt 1.1875 0
vt 1.1875 -1
vt 1.1875 -1
vt 1.1875 0
vt 1 0
vt 1 0
vt 1.1875 0
vt 1 0.006249999999999978
vt 0.8125 0.006249999999999978
vt 0.8125 0
vt 1 0
vn 0.8941916624405538 -0.19590782412461918 0.402543656351154
vn -0.4334376504144275 -0.15381622304915124 0.8879596684141202
vn -0.8941916624405538 0.19590782412461918 -0.402543656351154
vn 0.4334376504144275 0.15381622304915124 -0.8879596684141202
vn 0.11204050171709852 0.9684837086774621 0.22245501118502545
vn -0.11204050171709852 -0.9684837086774621 -0.22245501118502545
f 4/4/1 7/3/1 5/2/1 2/1/1
f 3/8/2 4/7/2 2/6/2 1/5/2
f 8/12/3 3/11/3 1/10/3 6/9/3
f 7/16/4 8/15/4 6/14/4 5/13/4
f 6/20/5 1/19/5 2/18/5 5/17/5
f 7/24/6 4/23/6 3/22/6 8/21/6
v 0.08537658773652734 0.48843139873441843 -0.04685312979886136
v 0.08537658773652734 0.48843139873441843 -0.04685312979886136
v 0.08537658773652745 -0.49637635427778964 0.12679504786806894
v 0.08537658773652745 -0.49637635427778964 0.12679504786806894
v -0.0770031754730548 0.4721518820781436 -0.13917885664375584
v -0.0770031754730548 0.4721518820781436 -0.13917885664375584
v -0.0770031754730548 -0.5126558709340644 0.03446932102317446
v -0.0770031754730548 -0.5126558709340644 0.03446932102317446
vt 0.1875 1
vt 0 1
vt 0 0
vt 0.1875 0
vt 1 0
vt 1 0
vt 1 -1
vt 1 -1
vt 0 1
vt 0.1875 1
vt 0.1875 0
vt 0 0
vt 1.1875 0
vt 1.1875 0
vt 1.1875 -1
vt 1.1875 -1
vt 1.1875 0
vt 1 0
vt 1 0
vt 1.1875 0
vt 1 0.006249999999999978
vt 0.8125 0.006249999999999978
vt 0.8125 0
vt 1 0
vn 0.5000000000000001 -0.15038373318043521 -0.8528685319524432
vn 0.8660254037844386 0.0868240888334652 0.4924038765061041
vn -0.5000000000000001 0.15038373318043521 0.8528685319524432
vn -0.8660254037844386 -0.0868240888334652 -0.4924038765061041
vn -4.163336342344337e-17 0.9848077530122081 -0.1736481776669303
vn 4.163336342344337e-17 -0.9848077530122081 0.1736481776669303
f 12/28/7 15/27/7 13/26/7 10/25/7
f 11/32/8 12/31/8 10/30/8 9/29/8
f 16/36/9 11/35/9 9/34/9 14/33/9
f 15/40/10 16/39/10 14/38/10 13/37/10
f 14/44/11 9/43/11 10/42/11 13/41/11
f 15/48/12 12/47/12 11/46/12 16/45/12
v 0.022814283148358427 0.3930582140595933 0.47069041093986175
v 0.022814283148358427 0.3930582140595933 0.47069041093986175
v 0.09633661583810016 -0.5665702620176453 0.1991988742438986
v 0.09633661583810016 -0.5665702620176453 0.1991988742438986
v 0.1593520136268718 0.4376192563705672 0.3501582091681509
v 0.1593520136268718 0.4376192563705672 0.3501582091681509
v 0.23287434631661363 -0.5220092197066715 0.07866667247218762
v 0.23287434631661363 -0.5220092197066715 0.07866667247218762
vt 0.375 1
vt 0.1875 1
vt 0.1875 0
vt 0.375 0
vt 1 0
vt 1 0
vt 1 -1
vt 1 -1
vt 0.1875 1
vt 0.375 1
vt 0.375 0
vt 0.1875 0
vt 1.1875 0
vt 1.1875 0
vt 1.1875 -1
vt 1.1875 -1
vt 1.1875 0
vt 1 0
vt 1 0
vt 1.1875 0
vt 1 0.006249999999999978
vt 0.8125 0.006249999999999978
vt 0.8125 0
vt 1 0
vn 0.6814084211104072 -0.15043749133922157 0.716275872020958
vn -0.728201229218738 -0.2376588923251942 0.642838409449125
vn -0.6814084211104072 0.15043749133922157 -0.716275872020958
vn 0.728201229218738 0.2376588923251942 -0.642838409449125
vn -0.07352233268974175 0.9596284760772388 0.2714915366959632
vn 0.07352233268974175 -0.9596284760772388 -0.2714915366959632
f 20/52/13 23/51/13 21/50/13 18/49/13
f 19/56/14 20/55/14 18/54/14 17/53/14
f 24/60/15 19/59/15 17/58/15 22/57/15
f 23/64/16 24/63/16 22/62/16 21/61/16
f 22/68/17 17/67/17 18/66/17 21/65/17
f 23/72/18 20/71/18 19/70/18 24/69/18
v -0.33312521245375726 0.30380399650963164 0.285086280122677
v -0.33312521245375726 0.30380399650963164 0.285086280122677
v -0.3099168357737633 -0.6916749772691999 0.1929831639097932
v -0.3099168357737633 -0.6916749772691999 0.1929831639097932
v -0.14800198492556405 0.30537032414686394 0.3148047465581718
v -0.14800198492556405 0.30537032414686394 0.3148047465581718
v -0.12479360824557006 -0.6901086496319676 0.222701630345288
v -0.12479360824557006 -0.6901086496319676 0.222701630345288
vt 0.9375 1
vt 0.75 1
vt 0.75 0
vt 0.9375 0
vt 1 0
vt 1 0
vt 1 -1
vt 1 -1
vt 0.75 1
vt 0.9375 1
vt 0.9375 0
vt 0.75 0
vt 1.1875 0
vt 1.1875 0
vt 1.1875 -1
vt 1.1875 -1
vt 1.1875 0
vt 1 0
vt 1 0
vt 1.1875 0
vt 1 0.006249999999999978
vt 0.8125 0.006249999999999978
vt 0.8125 0
vt 1 0
vn -0.15701250566980043 -0.09461409867797353 0.983054039915734
vn -0.987323880150364 -0.008353747398572461 -0.1584984876559724
vn 0.15701250566980043 0.09461409867797353 -0.983054039915734
vn 0.987323880150364 0.008353747398572461 0.1584984876559724
vn -0.023208376679993956 0.9954789737788315 0.09210311621288379
vn 0.023208376679993956 -0.9954789737788315 -0.09210311621288379
f 28/76/19 31/75/19 29/74/19 26/73/19
f 27/80/20 28/79/20 26/78/20 25/77/20
f 32/84/21 27/83/21 25/82/21 30/81/21
f 31/88/22 32/87/22 30/86/22 29/85/22
f 30/92/23 25/91/23 26/90/23 29/89/23
f 31/96/24 28/95/24 27/94/24 32/93/24
v -0.4124369778998838 0.37091586751967986 -0.20649651978931516
v -0.4124369778998838 0.37091586751967986 -0.20649651978931516
v -0.38922860121989244 -0.6245631062591518 -0.29859963600219763
v -0.38922860121989244 -0.6245631062591518 -0.29859963600219763
v -0.28349068897310753 0.36135900367349816 -0.07071076602465148
v -0.28349068897310753 0.36135900367349816 -0.07071076602465148
v -0.26028231229311616 -0.6341199701053335 -0.16281388223753396
v -0.26028231229311616 -0.6341199701053335 -0.16281388223753396
vt 0.3125 1
vt 0.125 1
vt 0.125 0
vt 0.3125 0
vt 1 0
vt 1 0
vt 1 -1
vt 1 -1
vt 0.125 1
vt 0.3125 1
vt 0.3125 0
vt 0.125 0
vt 1.1875 0
vt 1.1875 0
vt 1.1875 -1
vt 1.1875 -1
vt 1.1875 0
vt 1 0
vt 1 0
vt 1.1875 0
vt 1 0.006249999999999978
vt 0.8125 0.006249999999999978
vt 0.8125 0
vt 1 0
vn -0.7256110920154032 -0.08014785042874491 0.6834214404127702
vn -0.6877135409428069 0.050969940512969394 -0.724190686744873
vn 0.7256110920154032 0.08014785042874491 -0.6834214404127702
vn 0.6877135409428069 -0.050969940512969394 0.724190686744873
vn -0.02320837667999137 0.9954789737788317 0.09210311621288246
vn 0.02320837667999137 -0.9954789737788317 -0.09210311621288246
f 36/100/25 39/99/25 37/98/25 34/97/25
f 35/104/26 36/103/26 34/102/26 33/101/26
f 40/108/27 35/107/27 33/106/27 38/105/27
f 39/112/28 40/111/28 38/110/28 37/109/28
f 38/116/29 33/115/29 34/114/29 37/113/29
f 39/120/30 36/119/30 35/118/30 40/117/30
v 0.3225665661808774 0.4443419102420937 -0.27867825426122445
v 0.3225665661808774 0.4443419102420937 -0.27867825426122445
v 0.14316678439777242 -0.539345201350022 -0.2919215462890678
v 0.14316678439777242 -0.539345201350022 -0.2919215462890678
v 0.3896325264533689 0.42976165912109254 -0.10419093881973696
v 0.3896325264533689 0.42976165912109254 -0.10419093881973696
v 0.21023274467026365 -0.5539254524710233 -0.11743423084758031
v 0.21023274467026365 -0.5539254524710233 -0.11743423084758031
vt 0.6875 1
vt 0.5 1
vt 0.5 0
vt 0.6875 0
vt 1 0
vt 1 0
vt 1 -1
vt 1 -1
vt 0.5 1
vt 0.6875 1
vt 0.6875 0
vt 0.5 0
vt 1.1875 0
vt 1.1875 0
vt 1.1875 -1
vt 1.1875 -1
vt 1.1875 0
vt 1 0
vt 1 0
vt 1.1875 0
vt 1 0.006249999999999978
vt 0.8125 0.006249999999999978
vt 0.8125 0
vt 1 0
vn -0.9164480739175141 0.16221233182456715 0.36580061128559516
vn -0.35768512145328724 0.07776133931200645 -0.9305990156879332
vn 0.9164480739175141 -0.16221233182456715 -0.36580061128559516
vn 0.35768512145328724 -0.07776133931200645 0.9305990156879332
vn 0.17939978178310514 0.9836871115921157 0.013243292027843356
vn -0.17939978178310514 -0.9836871115921157 -0.013243292027843356
f 44/124/31 47/123/31 45/122/31 42/121/31
f 43/128/32 44/127/32 42/126/32 41/125/32
f 48/132/33 43/131/33 41/130/33 46/129/33
f 47/136/34 48/135/34 46/134/34 45/133/34
f 46/140/35 41/139/35 42/138/35 45/137/35
f 47/144/36 44/143/36 43/142/36 48/141/36
v 0.012168313282393983 0.16667987872418566 -0.41020569633454207
v 0.012168313282393983 0.16667987872418566 -0.41020569633454207
v 0.22547309378553626 -0.7927892887403998 -0.2260318998831422
v 0.22547309378553626 -0.7927892887403998 -0.2260318998831422
v -0.17050281497470254 0.13015764163523347 -0.38890698512241134
v -0.17050281497470254 0.13015764163523347 -0.38890698512241134
v 0.04280196552843962 -0.829311525829352 -0.20473318867101148
v 0.04280196552843962 -0.829311525829352 -0.20473318867101148
vt 0.75 1
vt 0.5625 1
vt 0.5625 0
vt 0.75 0
vt 1 0
vt 1 0
vt 1 -1
vt 1 -1
vt 0.5625 1
vt 0.75 1
vt 0.75 0
vt 0.5625 0
vt 1.1875 0
vt 1.1875 0
vt 1.1875 -1
vt 1.1875 -1
vt 1.1875 0
vt 1 0
vt 1 0
vt 1.1875 0
vt 1 0.006249999999999978
vt 0.8125 0.006249999999999978
vt 0.8125 0
vt 1 0
vn -0.07311476082773975 -0.20366054460412483 -0.9763076432767767
vn 0.9742460173711817 0.19478526447441197 -0.11359312646469702
vn 0.07311476082773975 0.20366054460412483 0.9763076432767767
vn -0.9742460173711817 -0.19478526447441197 0.11359312646469702
vn -0.21330478050314217 0.9594691674645854 -0.1841737964513999
vn 0.21330478050314217 -0.9594691674645854 0.1841737964513999
f 52/148/37 55/147/37 53/146/37 50/145/37
f 51/152/38 52/151/38 50/150/38 49/149/38
f 56/156/39 51/155/39 49/154/39 54/153/39
f 55/160/40 56/159/40 54/158/40 53/157/40
f 54/164/41 49/163/41 50/162/41 53/161/41
f 55/168/42 52/167/42 51/166/42 56/165/42